{
    "config": {
        "run_name": "CMS-TOP-ctg",
        "data": {
            "observable": "$\\sigma t\\bar{t}$",
            "bins": [
                300,
                380,
                470,
                620,
                820,
                1100,
                1500,
                2500
            ],
            "central_values": [
                1.66414,
                3.35351,
                1.68821,
                0.534562,
                0.120815,
                0.0228472,
                0.00205865
            ],
            "covariance_matrix": [
                [
                    0.0273651,
                    0.00315319,
                    0.00585559,
                    0.000961811,
                    0.00025506,
                    4.13629e-05,
                    1.59793e-06
                ],
                [
                    0.00315319,
                    0.106722,
                    0.0276995,
                    0.00581606,
                    0.00194159,
                    0.000270426,
                    1.00417e-05
                ],
                [
                    0.00585559,
                    0.0276995,
                    0.0153285,
                    0.0022381,
                    0.000930033,
                    0.000143057,
                    1.02215e-06
                ],
                [
                    0.000961811,
                    0.00581606,
                    0.0022381,
                    0.00153417,
                    2.93606e-05,
                    4.29167e-05,
                    4.08653e-06
                ],
                [
                    0.00025506,
                    0.00194159,
                    0.000930033,
                    2.93606e-05,
                    0.000146943,
                    4.75935e-06,
                    -1.04859e-06
                ],
                [
                    4.13629e-05,
                    0.000270426,
                    0.000143057,
                    4.29167e-05,
                    4.75935e-06,
                    5.19048e-06,
                    2.31355e-07
                ],
                [
                    1.59793e-06,
                    1.00417e-05,
                    1.02215e-06,
                    4.08653e-06,
                    -1.04859e-06,
                    2.31355e-07,
                    1.86949e-07
                ]
            ]
        },
        "model": {
            "input": "numpy",
            "inclusive_k_factor": 1,
            "c_i_benchmark": 2,
            "max_coeff_power": 1,
            "cross_terms": false,
            "samples": [
                [
                    1,
                    -2
                ],
                [
                    1,
                    0
                ],
                [
                    1,
                    2
                ],
                [
                    1,
                    -1
                ],
                [
                    1,
                    1
                ]
            ],
            "predictions": [
                [
                    0.6101560825732402,
                    1.9498590070990627,
                    1.0934322294126222,
                    0.37594918269435945,
                    0.09945684862639767,
                    0.021633080179011808,
                    0.0027340669488587674
                ],
                [
                    1.3346660495605598,
                    3.5903209533887193,
                    1.8157603266229416,
                    0.560999607562746,
                    0.13626587202511087,
                    0.0245059640349366,
                    0.002480587452400525
                ],
                [
                    2.6145138597944912,
                    6.574545955497256,
                    3.274576807707332,
                    1.0415240893222564,
                    0.2514342963470548,
                    0.04553104065588107,
                    0.004990742754438129
                ],
                [
                    0.9061065739199826,
                    2.5839317634358454,
                    1.3527247111499783,
                    0.43321813175951035,
                    0.1144325551989506,
                    0.019056724491211194,
                    0.0019248699390817666
                ],
                [
                    1.9339853622190646,
                    4.942496491998251,
                    2.472224815403003,
                    0.7691927633747268,
                    0.17711159935286405,
                    0.03672496850183647,
                    0.003175797882361172
                ]
            ],
            "prior_limits": {
                "$c_{tG}$": [
                    -2.0,
                    2.0
                ]
            }
        },
        "fit": {
            "n_burnin": 500,
            "n_total": 3000,
            "n_walkers": 32
        }
    }
}